
coordinates = np.array([[4.6808344237517, 4.78970984802025],
                        [4.7639797851443, 4.79801946855826],
                        [5.1691398243930, 5.02559886294076],
                        [3.4107222843812, 5.52020141989040],
                        [4.2404990942926, 5.13554865461150],
                        [3.6342797588510, 6.09978772185380],
                        [3.8468996900077, 5.24791920487505],
                        [4.3614020149144, 4.51546902652980],
                        [3.6410502874799, 5.42790918198037],
                        [4.7150551385948, 5.09687360872665],
                        [4.2295235796055, 4.99156266447830],
                        [4.0468202761699, 6.54607872655110],
                        [1.1590546602605, -1.0387408203000],
                        [3.8342344806226, 5.83527043982240],
                        [3.2159879842335, 4.44275818793837],
                        [2.9897198908536, 3.63753454794224],
                        [3.2855126446022, 3.81564218182020],
                        [3.2159879842335, 4.44275818793837],
                        [2.7662426530317, 6.06708886863313],
                        [1.4345873785965, 6.25919818109203],
                        [3.0593496350006, 6.28057443060560],
                        [2.6649479181326, 5.83002315848162],
                        [5.7295558015424, 6.63021871926414],
                        [2.8158255239606, 5.92892408190057],
                        [2.4824984848172, 5.83761228088562],
                        [1.8118253876786, 5.07715601296720],
                        [0.3547963081321, 5.88113621855484],
                        [0.9378495841330, 4.66055935344050],
                        [1.2456416520000, 3.93830953900000],
                        [2.5207501300429, 5.56471942929193],
                        [0.9273070706679, 4.65018205131010],
                        [0.9151485055902, 3.14809120144606],
                        [1.6314959463837, 5.24049582175184],
                        [1.7976759530144, 5.05550127197480],
                        [2.8731332832918, 5.5371833694141]])